cam0:
  camera_model: pinhole
  intrinsics: [700.96905517578125000, 701.55493164062500000, 642.62341308593750000, 341.66424560546875000]
  distortion_model: plumb_bob
  distortion_coeffs: [0.000000, 0.000000, 0.000000, 0.000000, 0.000000]
  resolution: [1280, 720]
  rostopic: /mynteye/left/image_mono
  tagtopic: /detector_left/tags
  frameId: rig/cam_0
  rig_body: rig
cam1:
  camera_model: pinhole
  intrinsics: [700.53497314453125000, 700.82196044921875000, 634.42321777343750000, 346.20690917968750000]
  distortion_model: plumb_bob
  distortion_coeffs: [0.000000, 0.000000, 0.000000, 0.000000, 0.000000]
  resolution: [1280, 720]
  rostopic: /mynteye/right/image_mono
  tagtopic: /detector_right/tags
  frameId: rig/cam_1
  rig_body: rig
